1.000000000000000000e+01
9.457112312316894531e+00
8.931786537170410156e+00
8.826705932617187500e+00
8.642883300781250000e+00
9.026306152343750000e+00
9.352797508239746094e+00
9.212422370910644531e+00
8.289723396301269531e+00
8.431452751159667969e+00
7.918816089630126953e+00
8.065426826477050781e+00
8.197494506835937500e+00
8.253260612487792969e+00
8.789524078369140625e+00
9.303943634033203125e+00
9.196010589599609375e+00
8.598208427429199219e+00
7.901777267456054688e+00
8.136178016662597656e+00
8.473583221435546875e+00
8.739069938659667969e+00
8.088270187377929688e+00
7.956733226776123047e+00
8.739850997924804688e+00
9.082496643066406250e+00
8.825844764709472656e+00
8.755905151367187500e+00
8.843707084655761719e+00
9.490411758422851562e+00
1.028571224212646484e+01
1.079482269287109375e+01
1.035456848144531250e+01
1.004778003692626953e+01
1.007137203216552734e+01
9.832532882690429688e+00
9.963589668273925781e+00
1.019391059875488281e+01
1.025942707061767578e+01
1.060319805145263672e+01
1.084910011291503906e+01
1.080164527893066406e+01
1.124898433685302734e+01
1.109482765197753906e+01
1.113257217407226562e+01
1.143761539459228516e+01
1.285014724731445312e+01
1.194482612609863281e+01
1.103775501251220703e+01
1.067874336242675781e+01
1.116600799560546875e+01
1.178308963775634766e+01
1.189787769317626953e+01
1.176986885070800781e+01
1.154917526245117188e+01
1.187782382965087891e+01
1.165311241149902344e+01
1.140335464477539062e+01
1.184675121307373047e+01
1.279741668701171875e+01
1.520136260986328125e+01
1.408622932434082031e+01
1.324920654296875000e+01
1.452890205383300781e+01
1.414246654510498047e+01
1.375405788421630859e+01
1.441575622558593750e+01
1.525488853454589844e+01
1.628877449035644531e+01
1.513413333892822266e+01
1.723114585876464844e+01
1.683905792236328125e+01
1.713838386535644531e+01
1.580302715301513672e+01
1.538408279418945312e+01
1.502895164489746094e+01
1.466738128662109375e+01
1.391219520568847656e+01
1.472506618499755859e+01
1.463242340087890625e+01
1.524860477447509766e+01
1.518874549865722656e+01
1.573421859741210938e+01
1.509658336639404297e+01
1.550791263580322266e+01
1.360971069335937500e+01
1.250701999664306641e+01
1.237376022338867188e+01
1.255857849121093750e+01
1.261444091796875000e+01
1.335039710998535156e+01
1.355137729644775391e+01
1.387488460540771484e+01
1.420792675018310547e+01
1.361362361907958984e+01
1.416948699951171875e+01
1.353495407104492188e+01
1.368644523620605469e+01
1.346921920776367188e+01
1.319206047058105469e+01
