1.000000000000000000e+00 0.000000000000000000e+00 0.000000000000000000e+00
2.000000000000000000e+00 0.000000000000000000e+00 7.301600992322109240e-01
3.000000000000000000e+00 0.000000000000000000e+00 1.157578222289650238e+00
4.000000000000000000e+00 0.000000000000000000e+00 1.329244418892609580e+00
5.000000000000000000e+00 0.000000000000000000e+00 1.464980079073892494e+00
6.000000000000000000e+00 0.000000000000000000e+00 2.096391923274619096e+00
7.000000000000000000e+00 0.000000000000000000e+00 2.347817586731216544e+00
6.000000000000000000e+00 1.000000000000000000e+00 2.464243779066698004e+00
7.000000000000000000e+00 1.000000000000000000e+00 2.476166975654537250e+00
8.000000000000000000e+00 1.000000000000000000e+00 2.479027702080899509e+00
9.000000000000000000e+00 1.000000000000000000e+00 2.665387136717683791e+00
1.000000000000000000e+01 1.000000000000000000e+00 3.092634007625111536e+00
1.100000000000000000e+01 1.000000000000000000e+00 3.155152134757734483e+00
1.200000000000000000e+01 1.000000000000000000e+00 3.166828796337562313e+00
1.100000000000000000e+01 2.000000000000000000e+00 3.180121724406947514e+00
1.200000000000000000e+01 2.000000000000000000e+00 3.249271422467965298e+00
1.300000000000000000e+01 2.000000000000000000e+00 3.275945064229289549e+00
1.400000000000000000e+01 2.000000000000000000e+00 3.325263478504842940e+00
1.500000000000000000e+01 2.000000000000000000e+00 3.326704859330252173e+00
1.600000000000000000e+01 2.000000000000000000e+00 3.394589925842351086e+00
1.700000000000000000e+01 2.000000000000000000e+00 3.590100461082909700e+00
1.800000000000000000e+01 2.000000000000000000e+00 3.618899329391328301e+00
1.900000000000000000e+01 2.000000000000000000e+00 3.692733144276104440e+00
2.000000000000000000e+01 2.000000000000000000e+00 3.757719098152984216e+00
2.100000000000000000e+01 2.000000000000000000e+00 3.771139933683325562e+00
2.200000000000000000e+01 2.000000000000000000e+00 3.791882241627303252e+00
2.300000000000000000e+01 2.000000000000000000e+00 3.836513731090882118e+00
2.400000000000000000e+01 2.000000000000000000e+00 4.064365259510782202e+00
2.500000000000000000e+01 2.000000000000000000e+00 4.075987358500512414e+00
2.600000000000000000e+01 2.000000000000000000e+00 4.127011104279135090e+00
2.700000000000000000e+01 2.000000000000000000e+00 4.156464274123140790e+00
2.800000000000000000e+01 2.000000000000000000e+00 4.164380481383004096e+00
2.900000000000000000e+01 2.000000000000000000e+00 4.212062275570465530e+00
3.000000000000000000e+01 2.000000000000000000e+00 4.221616208468983444e+00
3.100000000000000000e+01 2.000000000000000000e+00 4.295134655126164880e+00
3.200000000000000000e+01 2.000000000000000000e+00 4.371373403529809742e+00
3.300000000000000000e+01 2.000000000000000000e+00 4.525527657259439174e+00
3.400000000000000000e+01 2.000000000000000000e+00 4.677524714718814813e+00
3.500000000000000000e+01 2.000000000000000000e+00 4.730952586924169090e+00
3.600000000000000000e+01 2.000000000000000000e+00 4.743962772650064608e+00
3.700000000000000000e+01 2.000000000000000000e+00 4.757511232791403977e+00
3.800000000000000000e+01 2.000000000000000000e+00 4.772079217481073776e+00
3.900000000000000000e+01 2.000000000000000000e+00 4.774571600807804295e+00
4.000000000000000000e+01 2.000000000000000000e+00 4.805641743700061141e+00
4.100000000000000000e+01 2.000000000000000000e+00 4.832875528684893673e+00
4.000000000000000000e+01 3.000000000000000000e+00 4.864105803238422787e+00
4.100000000000000000e+01 3.000000000000000000e+00 4.878417751389259926e+00
4.200000000000000000e+01 3.000000000000000000e+00 4.883640615913251715e+00
4.300000000000000000e+01 3.000000000000000000e+00 4.896155420667896330e+00
4.400000000000000000e+01 3.000000000000000000e+00 4.928245865663885006e+00
4.500000000000000000e+01 3.000000000000000000e+00 4.991945038738609064e+00
4.600000000000000000e+01 3.000000000000000000e+00 5.032541244265053670e+00
4.500000000000000000e+01 4.000000000000000000e+00 5.079895409628858438e+00
4.600000000000000000e+01 4.000000000000000000e+00 5.090315117371206455e+00
4.700000000000000000e+01 4.000000000000000000e+00 5.122800294276443900e+00
4.600000000000000000e+01 5.000000000000000000e+00 5.131903070888321317e+00
4.500000000000000000e+01 6.000000000000000000e+00 5.153738886201875147e+00
4.600000000000000000e+01 6.000000000000000000e+00 5.199020941194552492e+00
4.700000000000000000e+01 6.000000000000000000e+00 5.262024022332814077e+00
4.800000000000000000e+01 6.000000000000000000e+00 5.341512613774513696e+00
4.900000000000000000e+01 6.000000000000000000e+00 5.420933390168131361e+00
5.000000000000000000e+01 6.000000000000000000e+00 5.468870654099903916e+00
5.100000000000000000e+01 6.000000000000000000e+00 5.584628737174726965e+00
5.200000000000000000e+01 6.000000000000000000e+00 5.605028145170899201e+00
5.300000000000000000e+01 6.000000000000000000e+00 5.605744852973585601e+00
5.400000000000000000e+01 6.000000000000000000e+00 5.645675307877871418e+00
5.500000000000000000e+01 6.000000000000000000e+00 5.681318828664560172e+00
5.600000000000000000e+01 6.000000000000000000e+00 5.686720460330956683e+00
5.700000000000000000e+01 6.000000000000000000e+00 5.718115120695672182e+00
5.800000000000000000e+01 6.000000000000000000e+00 5.749995662661911311e+00
5.900000000000000000e+01 6.000000000000000000e+00 5.789570235230349304e+00
6.000000000000000000e+01 6.000000000000000000e+00 5.875017842353036812e+00
5.900000000000000000e+01 7.000000000000000000e+00 5.896701992426837791e+00
6.000000000000000000e+01 7.000000000000000000e+00 5.959910681322538650e+00
5.900000000000000000e+01 8.000000000000000000e+00 5.964004194673441006e+00
5.800000000000000000e+01 9.000000000000000000e+00 6.013377766963492022e+00
5.700000000000000000e+01 1.000000000000000000e+01 6.019868147344336506e+00
5.800000000000000000e+01 1.000000000000000000e+01 6.027102973093467320e+00
5.700000000000000000e+01 1.100000000000000000e+01 6.032529233771934507e+00
5.800000000000000000e+01 1.100000000000000000e+01 6.101314492463131067e+00
5.900000000000000000e+01 1.100000000000000000e+01 6.123302298574472502e+00
6.000000000000000000e+01 1.100000000000000000e+01 6.173956475207888595e+00
5.900000000000000000e+01 1.200000000000000000e+01 6.228671611250135243e+00
5.800000000000000000e+01 1.300000000000000000e+01 6.389904131984771141e+00
5.900000000000000000e+01 1.300000000000000000e+01 6.390425053055607485e+00
6.000000000000000000e+01 1.300000000000000000e+01 6.448823731316520202e+00
6.100000000000000000e+01 1.300000000000000000e+01 6.481982790173709041e+00
6.200000000000000000e+01 1.300000000000000000e+01 6.492143956268615845e+00
6.300000000000000000e+01 1.300000000000000000e+01 6.564881869928935743e+00
6.200000000000000000e+01 1.400000000000000000e+01 6.584660446242334153e+00
6.300000000000000000e+01 1.400000000000000000e+01 6.642478131824935517e+00
6.400000000000000000e+01 1.400000000000000000e+01 6.651134088609547135e+00
6.500000000000000000e+01 1.400000000000000000e+01 6.693171375943298251e+00
6.600000000000000000e+01 1.400000000000000000e+01 6.828225877069918681e+00
6.700000000000000000e+01 1.400000000000000000e+01 6.866967274389877751e+00
6.800000000000000000e+01 1.400000000000000000e+01 6.934377741879441004e+00
6.900000000000000000e+01 1.400000000000000000e+01 6.961051329804654131e+00
6.800000000000000000e+01 1.500000000000000000e+01 6.972110484343313708e+00
6.900000000000000000e+01 1.500000000000000000e+01 7.045386488014018234e+00
7.000000000000000000e+01 1.500000000000000000e+01 7.059768470308670274e+00
7.100000000000000000e+01 1.500000000000000000e+01 7.063184525202541586e+00
7.000000000000000000e+01 1.600000000000000000e+01 7.085113504187425804e+00
7.100000000000000000e+01 1.600000000000000000e+01 7.113352569283414972e+00
7.200000000000000000e+01 1.600000000000000000e+01 7.114882780729731238e+00
7.300000000000000000e+01 1.600000000000000000e+01 7.186697079877918171e+00
7.200000000000000000e+01 1.700000000000000000e+01 7.236867973963655665e+00
7.300000000000000000e+01 1.700000000000000000e+01 7.543723309383596032e+00
7.400000000000000000e+01 1.700000000000000000e+01 7.618237311591538052e+00
7.300000000000000000e+01 1.800000000000000000e+01 7.619721466159232293e+00
7.400000000000000000e+01 1.800000000000000000e+01 7.647528798742347256e+00
7.300000000000000000e+01 1.900000000000000000e+01 7.714158071947279538e+00
7.200000000000000000e+01 2.000000000000000000e+01 7.789615018557991988e+00
7.100000000000000000e+01 2.100000000000000000e+01 7.814273556906199403e+00
7.000000000000000000e+01 2.200000000000000000e+01 7.830341457539649497e+00
7.100000000000000000e+01 2.200000000000000000e+01 7.922652036503965434e+00
7.000000000000000000e+01 2.300000000000000000e+01 8.166602342991582830e+00
7.100000000000000000e+01 2.300000000000000000e+01 8.191220112298603695e+00
7.200000000000000000e+01 2.300000000000000000e+01 8.255500717105054065e+00
7.100000000000000000e+01 2.400000000000000000e+01 8.277030811016889089e+00
7.000000000000000000e+01 2.500000000000000000e+01 8.321037992128093919e+00
6.900000000000000000e+01 2.600000000000000000e+01 8.352010945943781905e+00
7.000000000000000000e+01 2.600000000000000000e+01 8.544671741626936878e+00
7.100000000000000000e+01 2.600000000000000000e+01 8.619010908409158844e+00
7.000000000000000000e+01 2.700000000000000000e+01 8.755718674177902727e+00
7.100000000000000000e+01 2.700000000000000000e+01 8.847298701675999411e+00
7.000000000000000000e+01 2.800000000000000000e+01 8.865664401986860454e+00
6.900000000000000000e+01 2.900000000000000000e+01 8.917980520423428814e+00
6.800000000000000000e+01 3.000000000000000000e+01 9.093047523114858421e+00
6.900000000000000000e+01 3.000000000000000000e+01 9.379872518577492713e+00
6.800000000000000000e+01 3.100000000000000000e+01 9.485721235210290203e+00
6.700000000000000000e+01 3.200000000000000000e+01 9.922685977254497303e+00
6.600000000000000000e+01 3.300000000000000000e+01 9.960071043824122228e+00
6.500000000000000000e+01 3.400000000000000000e+01 9.962352874776277289e+00
6.400000000000000000e+01 3.500000000000000000e+01 1.011737521986358068e+01
6.300000000000000000e+01 3.600000000000000000e+01 1.016437946464866293e+01
6.200000000000000000e+01 3.700000000000000000e+01 1.017391655137893558e+01
6.100000000000000000e+01 3.800000000000000000e+01 1.073022505310048125e+01
6.000000000000000000e+01 3.900000000000000000e+01 1.079173471932859840e+01
5.900000000000000000e+01 4.000000000000000000e+01 1.083167064570509730e+01
5.800000000000000000e+01 4.100000000000000000e+01 1.126874925726110810e+01
5.700000000000000000e+01 4.200000000000000000e+01 1.142477804204813019e+01
5.600000000000000000e+01 4.300000000000000000e+01 1.148008159937761263e+01
5.700000000000000000e+01 4.300000000000000000e+01 1.163625236665611418e+01
5.600000000000000000e+01 4.400000000000000000e+01 1.171108321253718287e+01
5.500000000000000000e+01 4.500000000000000000e+01 1.242678853670033590e+01
5.400000000000000000e+01 4.600000000000000000e+01 1.255186916840066580e+01
5.300000000000000000e+01 4.700000000000000000e+01 1.263701570962650322e+01
5.200000000000000000e+01 4.800000000000000000e+01 1.296279559075215460e+01
5.100000000000000000e+01 4.900000000000000000e+01 1.310049661352212880e+01
5.000000000000000000e+01 5.000000000000000000e+01 1.312068648840675422e+01
4.900000000000000000e+01 5.100000000000000000e+01 1.384247468079784582e+01
4.800000000000000000e+01 5.200000000000000000e+01 1.432622725089594340e+01
4.700000000000000000e+01 5.300000000000000000e+01 1.441064035005893551e+01
4.600000000000000000e+01 5.400000000000000000e+01 1.452191006492375180e+01
4.500000000000000000e+01 5.500000000000000000e+01 1.455280691565884332e+01
4.400000000000000000e+01 5.600000000000000000e+01 1.484017310338109574e+01
4.300000000000000000e+01 5.700000000000000000e+01 1.517476495718146623e+01
4.200000000000000000e+01 5.800000000000000000e+01 1.519403525215135708e+01
4.100000000000000000e+01 5.900000000000000000e+01 1.545948464152015411e+01
4.000000000000000000e+01 6.000000000000000000e+01 1.559257189108910246e+01
3.900000000000000000e+01 6.100000000000000000e+01 1.608508628671521024e+01
3.800000000000000000e+01 6.200000000000000000e+01 1.616589655107729584e+01
3.700000000000000000e+01 6.300000000000000000e+01 1.618088774482072267e+01
3.600000000000000000e+01 6.400000000000000000e+01 1.626304222077173733e+01
3.500000000000000000e+01 6.500000000000000000e+01 1.658241482993894422e+01
3.400000000000000000e+01 6.600000000000000000e+01 1.667767292586280092e+01
3.300000000000000000e+01 6.700000000000000000e+01 1.673645396603456348e+01
3.200000000000000000e+01 6.800000000000000000e+01 1.675418969411923342e+01
3.100000000000000000e+01 6.900000000000000000e+01 1.722550695272467181e+01
3.000000000000000000e+01 7.000000000000000000e+01 1.732238601034462633e+01
2.900000000000000000e+01 7.100000000000000000e+01 1.761763955776225643e+01
2.800000000000000000e+01 7.200000000000000000e+01 1.777742922195534447e+01
2.700000000000000000e+01 7.300000000000000000e+01 1.799740039806146896e+01
2.600000000000000000e+01 7.400000000000000000e+01 1.859311071499553591e+01
2.500000000000000000e+01 7.500000000000000000e+01 1.887447430794611591e+01
2.400000000000000000e+01 7.600000000000000000e+01 1.921914130450243263e+01
2.300000000000000000e+01 7.700000000000000000e+01 1.965132676426788905e+01
2.200000000000000000e+01 7.800000000000000000e+01 1.989603337371908509e+01
2.100000000000000000e+01 7.900000000000000000e+01 2.024523943355011468e+01
2.000000000000000000e+01 8.000000000000000000e+01 2.040008270739916085e+01
1.900000000000000000e+01 8.100000000000000000e+01 2.064942886994380089e+01
1.800000000000000000e+01 8.200000000000000000e+01 2.075847370197511310e+01
1.700000000000000000e+01 8.300000000000000000e+01 2.119449426414823279e+01
1.600000000000000000e+01 8.400000000000000000e+01 2.245180111724227956e+01
1.500000000000000000e+01 8.500000000000000000e+01 2.325677735275582947e+01
1.400000000000000000e+01 8.600000000000000000e+01 2.481935709976772486e+01
1.300000000000000000e+01 8.700000000000000000e+01 2.567843836981578320e+01
1.200000000000000000e+01 8.800000000000000000e+01 2.676596399677898575e+01
1.100000000000000000e+01 8.900000000000000000e+01 2.699468359807663376e+01
1.000000000000000000e+01 9.000000000000000000e+01 2.844155279943615255e+01
9.000000000000000000e+00 9.100000000000000000e+01 2.905429824864397048e+01
8.000000000000000000e+00 9.200000000000000000e+01 3.122093926698905975e+01
7.000000000000000000e+00 9.300000000000000000e+01 3.501336753627055742e+01
6.000000000000000000e+00 9.400000000000000000e+01 3.746918084633071544e+01
5.000000000000000000e+00 9.500000000000000000e+01 4.028623905108435110e+01
4.000000000000000000e+00 9.600000000000000000e+01 4.226879806043901056e+01
3.000000000000000000e+00 9.700000000000000000e+01 4.243071229985069692e+01
2.000000000000000000e+00 9.800000000000000000e+01 4.342847358011308501e+01
1.000000000000000000e+00 9.900000000000000000e+01 4.359783285731702307e+01
0.000000000000000000e+00 1.000000000000000000e+02 4.798860269587286353e+01
0.000000000000000000e+00 1.000000000000000000e+02 5.000000000000000000e+01
